|     EARTHQUAKE PARAMETERS       |    DEPTH ESTIMATES        |    gWFM   |   InSAR   |    Wph    |    gCMT   | Reference
yyyymmdd hhmm     lon     lat  mw zwf zcm zwp zeh ztp zbt zmx str dp  rak str dp  rak str dp  rak str dp  rak ref
20161201 2240  -71.00  -15.28 6.0  10  12  10  13   3   8   5 144 39  276 135 40  250 323 56  -84 148 43  -86 Wimpenny et al., (2018)
20031226 0156   58.29   29.02 6.6   6  15  30  14   2  14   6 354 86 -178 355 87 -178 269 87   41 172 59  167 Funning et al., (2005)
19991112 1657   31.23   40.80 7.1  10  18  18  15   0  10   5 261 67 -177 265 63 -174 266 73  204 268 54 -167 Parke (unpublished thesis), Burgmann et al., (2002)
19940526 0826   -4.09   35.25 5.9   8  15   -  10   2  12   7 117 81 -175 113 87 -179   -  -    - 112 48 -173 Biggs et al., (2006)
20040224 0227   -3.99   35.21 6.4   6  12   -  11   2  18  10 298 83 -179 295 87 -179   -  -    - 113 61 -170 Biggs et al., (2006)
20100413 2349   96.53   33.16 6.8   6  20  22  11   1  13   5 117 77  351 120 89    0 123 63   11 210 67  178 Li et al., (2011), complex fault
20080109 0826   85.30   32.34 6.4   6  12   -  10   4  14   7 208 47  -74 181 47  231   -  -    - 206 46  -75 Elliott et al., (2010)
20080116 1154   85.16   32.23 5.7   4  12   -   7   1   6   4 206 43  271 206 54  273   -  -    -  23 44  -87 Elliott et al., (2010)
20080825 1322   83.51   30.89 6.4   8  17  14  12   2  14   8  20 43  309  20 43  302  22 45  -61  30 48  -48 Elliott et al., (2010),complex fault
20080825 1322   83.51   30.89 6.2   8  17  14  12   3  13   8  40 42  307  40 42  307  22 45  -61  30 48  -48 Elliott et al., (2010),complex fault
20040711 2308   83.66   30.69 6.2   9  13   -  13   1  17   9 159 39  270 180 50  288   -  -    - 156 47  254 Elliott et al., (2010)
20050407 2004   83.66   30.48 6.2   5  12   -   8   2  11   6 169 40  277 174 40  297   -  -    - 171 43  270 Elliott et al., (2010)
19920730 0824   90.16   29.57 5.9  10  15   -  10   6  12   9 175 52  251 198 35  275   -  -    - 196 49  244 Elliott et al., (2010),complex fault
20150703 0107   78.15   37.46 6.2  16  16  16  19   8  15  11 102 23   73 112 21   83 317 69  102 109 22   85 Ainscoe et al., (2017)
19930320 1452   87.32   28.98 6.2   9  15   -  11   5  11   8 348 55 -110   4 43 -102   -  -    - 161 46 -121 Wang et al., (2014)
19960703 0644   88.18   30.11 5.6   8  15   -  10   5   9   7 161 39 -121  39 54  -65   -  -    - 172 45 -102 Wang et al., (2014)
19980825 0741   88.17   30.26 5.8  12  15   -  15   3  12   8   1 50  -75   7 46  -67   -  -    -  14 46  -67 Wang et al., (2014)
20111023 1041   43.49   38.69 7.1  19  12  13  15   9  20  14 243 50   60 258 45   83 241 41   52 246 38   60 Elliott et al., (2011)
19930929 2225   76.49   18.07 6.1   3  15   -  16   0   6   3 126 46  100  95 50   80   -  -    - 134 47  112 Satyabala (2006) and Seeber (1996)
19950513 0847   21.69   40.11 6.5  11  15  26  12   2  15   9 252 41  -97 254 49  -97 240 51  258  73 44  -83 Resor et al., (2005)
19950615 0015   22.31   38.44 6.2  12  15   -  29   5  10   8 290 27  305 275	35	-83   -  -    - 265 43 -103 Reynolds (2018), Bernard et al., (2007)
19951001 1557   30.14   38.06 6.3   4  15   -  15   2   8   5 136 43  -93 145 49  270   -  -    - 125 30  -94 Wright et al., (1999)
19951122 0415   34.76   28.79 7.1  15  18  36  20   -   -  12 197 73   -6 195 65  -15   -  -    - 196 59  -15 Foster (1998), Klinger (2000)
19970926 0940   12.78   43.08 5.8   5  15   -  15   1   7   4 123 40  270 144 45  270   -  -    - 142 39  -87 Reynolds (2018), Stramondo (1999)
19980110 0350  114.52   41.14 5.7   8  15   -  16   2   8   5 207 54  135 201 43   86   -  -    - 207 54  135 Sloan et al., (2011), Li et al., (2008)
19980314 1940   57.61   30.08 6.6   5  15  12  20   0   7   4 156 54 -165 150 52  214  59 83  315 154 57 -174 Berberian et al., (2001)
19980522 0448  -65.54  -17.86 6.7  11  15  12  22   0  14   7 358 84  179   7 79  171 186 51  180 186 79 -178 Funning et al., (2005)b
19990328 1905   79.40   30.51 6.4  16  15  24  13  15  17  16 280 10   75 292  9   90 110 75   90 280  7   75 Sloan et al., (2011), Xu et al., (2016)
19990907 1156   23.60   38.12 5.9  10  15   -  20   6  16  11 285 42 -108 100 43  -90   -  -    - 116 39  -81 Parke (unpublished thesis), Kontoes et al., (2000)
20000606 0241   33.01   40.73 6.0   8  15   -  10   3   8   5 356 37  -34   1 59  -23   -  -    - 358 53  -47 Taymaz et al., (2007)
20010126 0316   70.23   23.42 7.5  20  19  14  17   0  30  13 281 42  107  82 51  100  74 51   65 298 39  136 Antolik (2003), Copley (2011)
20050222 0225   56.74   30.77 6.4   7  12   -  15   0  10   5 270 60  104 266 67  105   -  -    -  71 44   79 Talebian et al., (2006)
20051008 0350   73.54   34.43 7.3  10  12  12  15   0  13   4 339 35  130 321 31    - 124 62   79 334 40  123 Powali (2020), Pathier et al., (2006)
20051127 1022   55.83   26.75 5.8   9  12   -  10   4   8   6 259 50   95 267 49  105   -  -    - 257 39   83 Nissen et al., (2007)
20060331 0117   48.77   33.52 6.1   6  17   -  17   2   8   5 318 63  174 320 60  180   -  -    - 313 78  174 Peyret et al., (2008)
20160922 2006   33.58  -21.50 5.6   7  12  16  13   4   8   6 175 66  289 168 59  -66  185 50 -68 181 54  -76 Lloyd et al., (2018)
20130409 1152   51.59   28.50 6.1   9  12  11  15   1  10   7 167 42  124 144 48   95  147 20 103 157 41  117 Elliott et al., (2015)
20140818 0232   47.71   32.68 6.2   3  12  12  13   2  10   6 118 65   94 276 34   60  119 72  87 317 27  111 Copley et al., (2015)
20130511 0208   57.77   26.56 6.1   6  12  13  12   0  10   4 259 89    5 259 89   -3  258 90  11 255 88  -16 Penney et al., (2015)
20100903 1635  172.12  -43.53 6.9   7  12  12  15   0  10   4  87 80  172   -  -    -  177 64 355 178 82    1 Elliott et al., (2012),complex fault
20110221 2351  172.81  -43.54 6.0   8  12  15  10   3   7   5  65 70  154   -  -    -   64 59 156  59 59  154 Elliott et al., (2012),complex fault
19970227 2108   68.19   29.86 6.9  13  15  12  29  13  17  15 290 11  115 290 22  103   93 74  85 298 15  122 Nissen et al., (2016),complex fault
20170720 2231   27.47   39.96 6.5   7  12  12   -   0  10   5 279 37  -75 275 37  -80    -  -   - 278 36  -82 Karasozen et al., (2018)
20171112 1818   45.94   34.89 7.2  17  17  22   -  12  18  16 354 17  143 354 14  147  351 16 137 351 11  140 Nissen et al., (2019)
20171201 0232   57.36   30.75 6.1   5  12  14   -   4   6   5 310 49   98 305 45  107  320 45 109 310 61   95 Nissen et al., (2019)b
20171212 0843   57.30   30.74 5.8  10  12  20   -   6   9   7 311 54   91 311 54   91  124 40  84 123 26   85 Nissen et al., (2019)b
20171212 2141   57.28   30.82 6.0   2  12  12   -   0   2   1 110 32   88 114 30   92  108 31  81 112 31   94 Nissen et al., (2019)b
20090406 0132   13.32   42.37 6.2   5  12  15  11   0  13   7 134 46  261 144 54 -105  121 43 238 336 42  -62 Walters et al., (2009)
20081110 0122   95.75   37.51 6.2  18  27   -   9  11  22  16 248 35   60  99 58   95    -  -   - 252 28   57 Elliott et al., (2010)
20090828 0152   95.73   37.66 6.2   5  12   -   9   2  12   6 111 72   89 100 53  106    -  -   - 295 31  102 Elliott et al., (2010),complex fault
20100120 1842   59.19   28.33 6.5   5  14   -  14   1  13   7 213 85  173 211 88  180    -  -   -  36 87  180 Walker et al., (2013)
20110127 0839   58.04   28.17 6.2   9  14  15  15   2  20  11 221 87  176 310 88   -1  312 77   5 129 77   -5 Walker et al., (2013)
20170403 1740   25.16  -22.68 6.4  25  30  24  24  20  30  23 118 59  -95 126 51 -107  126 53 216 332 41  -70 Materna et al., (2018)
20080827 2152   47.35   32.31 5.6  10  12   -  14   8  10   9 338 88 -168 141 68  158    -  -   - 247 84   -5 Nissen et al., (2011)
20150425 0611   84.76   28.23 7.8  10  12  20  13  10  20  15 279  9   98   -  -    -  119 71 100 287  6   96 Kumar et al., (2017), Elliott et al., (2017)
20010724 0500  -69.25  -19.25 6.3   8  15   -   9   2   9   6  23 71  187  14 62  213    -  -   -  14 46 -169 Devlin et al., (2012)
20130717 0237  -71.74  -15.66 6.0   6  12   -  15   1   7   4 294 54  266 280 62  238    -  -   - 289 42  -88 Jay et al., (2015)
19970510 0757   59.83   33.86 7.1  13  15  12  10   0  18   6 156 89 -160 154 88  192   68 82 354 248 83    0 Berberian (1999), Sandhaus (2011)
19920520 1220   71.31   33.32 5.9   8  15   -  20   6   8   7  60 87   90 224  1   90    -  -   - 237  5   79 Satyabala et al., (2012)
20080203 0734   28.86   -2.31 6.0   9  12   -  10   2   8   5 161 37 -107 355 55  -98    -  -   - 179 35  -96 Craig et al., (2011), d'Oreye et al., (2011)
20060222 2219   33.61  -21.30 6.9  16  12  12  15   0  20  13 160 72  -71   -  -    -  168 61 279 325 27 -114 Craig et al., (2011), Copley et al., (2012)
19991222 1736   -1.31   35.21 5.7   3  15   -  11   3   8   5  74 45  108  57 32   90    -  -   -  29 45   67 Craig et al., (2011), Balebbes et al., (2009)
20081005 1552   73.64   39.36 6.4   5  12  12  24   0  10   4 253 56  124  46 48    -  241 31  70 246 38   86 Craig et al., (2012), Qiao et al., (2015)
20081028 2309   67.30   30.60 6.3  11  17   -  12   0  15   7 296 71  145 312 73  174    -  -   - 304 73  171 Reynolds et al., (2015), Pinel et al., (2014)
20081029 1132   67.52   30.52 6.3  14  12   -   5   0  15   8 331 72  172 236 89   -6    -  -   - 324 68 -178 Reynolds et al., (2015), Pinel et al., (2014)
20171117 2234   95.14   29.69 6.4   5  12  12   -   2  12   6 123  9   83 132 58  114    -  -   - 119 24   72 Wimpenny (in prep.), Yu et al., (2018)
20160520 1814  129.88  -25.65 6.0   2  12  12  11   0   4   2 296 46   59 299 41  106  312 52  85 142 45   96 B.Jackson (unpublished)
